3 6 20 6 5

1
10

Mac1 Mac2 Mac3 
0 0 0 
1 2 3 


2 1 3 
2 3 6 
2 2 4 
2 3 3 
2 5 2 
2 2 1 
2 6 4 
2 1 2 
2 2 1 
2 5 5 
2 6 3 
2 1 4 
2 5 3 
2 3 1 
2 4 6 
2 5 5 
2 1 6 
2 5 4 
2 6 4 
2 4 2 


180 240 480 1440 1620 1680 1920 2880 3060 3120 3360 4320 4500 4560 4800 5760 5940 6000 6240 7200 7380 7440 7680 8640 8820 8880 9120 10080 10260 10320 10560 11520 11700 11760 12000 12960 13140 13200 13440 14400 14580 14640 14880 15840 16020 16080 16320 17280 17460 17520 17760 18720 18900 18960 19200 20160 20340 20400 20640 21600 21780 21840 22080 23040 23220 23280 23520 24480 24660 24720 24960 25920 26100 26160 26400 27360 27540 27600 27840 28800 28980 29040 29280 30240 30420 30480 30720 31680 31860 31920 32160 33120 33300 33360 33600 34560 34740 34800 35040 36000 36180 36240 36480 37440 37620 37680 37920 38880 39060 39120 39360 40320 40500 40560 40800 41760 41940 42000 42240 43200 43380 43440 43680 44640 44820 44880 45120 46080 46260 46320 46560 47520 47700 47760 48000 48960 49140 49200 49440 50400 50580 50640 50880 51840 52020 52080 52320 53280 53460 53520 53760 54720 54900 54960 55200 56160 56340 56400 56640 57600 57780 57840 58080 59040 59220 59280 59520 60480 60660 60720 60960 61920 62100 62160 62400 63360 63540 63600 63840 64800 64980 65040 65280 66240 66420 66480 66720 67680 67860 67920 68160 69120 69300 69360 69600 70560 70740 70800 71040 72000 72180 72240 72480 73440 73620 73680 73920 74880 75060 75120 75360 76320 76500 76560 76800 77760 77940 78000 78240 79200 79380 79440 79680 80640 80820 80880 81120 82080 82260 82320 82560 83520 83700 83760 84000 84960 85140 85200 85440 86400 86580 86640 86880 87840 88020 88080 88320 89280 89460 89520 89760 90720 90900 90960 91200 92160 92340 92400 92640 93600 93780 93840 94080 95040 95220 95280 95520 96480 96660 96720 96960 97920 98100 98160 98400 99360 99540 99600 99840 100800 100980 101040 101280 102240 102420 102480 102720 103680 103860 103920 104160 105120 105300 105360 105600 106560 106740 106800 107040 108000 108180 108240 108480 109440 109620 109680 109920 110880 111060 111120 111360 112320 112500 112560 112800 113760 113940 114000 114240 115200 115380 115440 115680 116640 116820 116880 117120 118080 118260 118320 118560 119520 119700 119760 120000 120960 121140 121200 121440 122400 122580 122640 122880 123840 124020 124080 124320 125280 125460 125520 125760 126720 126900 126960 127200 128160 128340 128400 128640 129600 129780 129840 130080 131040 131220 131280 131520 132480 132660 132720 132960 133920 134100 134160 134400 135360 135540 135600 135840 136800 136980 137040 137280 138240 138420 138480 138720 139680 139860 139920 140160 141120 141300 141360 141600 142560 142740 142800 143040 144000 144180 144240 144480 145440 145620 145680 145920 146880 147060 147120 147360 148320 148500 148560 148800 149760 149940 150000 150240 151200 151380 151440 151680 152640 152820 152880 153120 154080 154260 154320 154560 155520 155700 155760 156000 156960 157140 157200 157440 158400 158580 158640 158880 159840 160020 160080 160320 161280 161460 161520 161760 162720 162900 162960 163200 164160 164340 164400 164640 165600 165780 165840 166080 167040 167220 167280 167520 168480 168660 168720 168960 169920 170100 170160 170400 171360 171540 171600 171840 172800 172980 173040 173280 174240 174420 174480 174720 175680 175860 175920 176160 177120 177300 177360 177600 178560 178740 178800 179040 180000 180180 180240 180480 181440 181620 181680 181920 182880 183060 183120 183360 184320 184500 184560 184800 185760 185940 186000 186240 187200 187380 187440 187680 188640 188820 188880 189120 190080 190260 190320 190560 191520 191700 191760 192000 192960 193140 193200 193440 194400 194580 194640 194880 195840 196020 196080 196320 197280 197460 197520 197760 198720 198900 198960 199200 200160 200340 200400 200640 201600 201780 201840 202080 203040 203220 203280 203520 204480 204660 204720 204960 205920 206100 206160 206400 207360 207540 207600 207840 208800 208980 209040 209280 210240 210420 210480 210720 211680 211860 211920 212160 213120 213300 213360 213600 214560 214740 214800 215040 216000 216180 216240 216480 217440 217620 217680 217920 218880 219060 219120 219360 220320 220500 220560 220800 221760 221940 222000 222240 223200 223380 223440 223680 224640 224820 224880 225120 226080 226260 226320 226560 227520 227700 227760 228000 228960 229140 229200 229440 230400 230580 230640 230880 231840 232020 232080 232320 233280 233460 233520 233760 234720 234900 234960 235200 236160 236340 236400 236640 237600 237780 237840 238080 239040 239220 239280 239520 240480 240660 240720 240960 241920 242100 242160 242400 243360 243540 243600 243840 244800 244980 245040 245280 246240 246420 246480 246720 247680 247860 247920 248160 249120 249300 249360 249600 250560 250740 250800 251040 252000 252180 252240 252480 253440 253620 253680 253920 254880 255060 255120 255360 256320 256500 256560 256800 257760 257940 258000 258240 259200  -1
180 240 480 1440 1620 1680 1920 2880 3060 3120 3360 4320 4500 4560 4800 5760 5940 6000 6240 7200 7380 7440 7680 8640 8820 8880 9120 10080 10260 10320 10560 11520 11700 11760 12000 12960 13140 13200 13440 14400 14580 14640 14880 15840 16020 16080 16320 17280 17460 17520 17760 18720 18900 18960 19200 20160 20340 20400 20640 21600 21780 21840 22080 23040 23220 23280 23520 24480 24660 24720 24960 25920 26100 26160 26400 27360 27540 27600 27840 28800 28980 29040 29280 30240 30420 30480 30720 31680 31860 31920 32160 33120 33300 33360 33600 34560 34740 34800 35040 36000 36180 36240 36480 37440 37620 37680 37920 38880 39060 39120 39360 40320 40500 40560 40800 41760 41940 42000 42240 43200 43380 43440 43680 44640 44820 44880 45120 46080 46260 46320 46560 47520 47700 47760 48000 48960 49140 49200 49440 50400 50580 50640 50880 51840 52020 52080 52320 53280 53460 53520 53760 54720 54900 54960 55200 56160 56340 56400 56640 57600 57780 57840 58080 59040 59220 59280 59520 60480 60660 60720 60960 61920 62100 62160 62400 63360 63540 63600 63840 64800 64980 65040 65280 66240 66420 66480 66720 67680 67860 67920 68160 69120 69300 69360 69600 70560 70740 70800 71040 72000 72180 72240 72480 73440 73620 73680 73920 74880 75060 75120 75360 76320 76500 76560 76800 77760 77940 78000 78240 79200 79380 79440 79680 80640 80820 80880 81120 82080 82260 82320 82560 83520 83700 83760 84000 84960 85140 85200 85440 86400 86580 86640 86880 87840 88020 88080 88320 89280 89460 89520 89760 90720 90900 90960 91200 92160 92340 92400 92640 93600 93780 93840 94080 95040 95220 95280 95520 96480 96660 96720 96960 97920 98100 98160 98400 99360 99540 99600 99840 100800 100980 101040 101280 102240 102420 102480 102720 103680 103860 103920 104160 105120 105300 105360 105600 106560 106740 106800 107040 108000 108180 108240 108480 109440 109620 109680 109920 110880 111060 111120 111360 112320 112500 112560 112800 113760 113940 114000 114240 115200 115380 115440 115680 116640 116820 116880 117120 118080 118260 118320 118560 119520 119700 119760 120000 120960 121140 121200 121440 122400 122580 122640 122880 123840 124020 124080 124320 125280 125460 125520 125760 126720 126900 126960 127200 128160 128340 128400 128640 129600 129780 129840 130080 131040 131220 131280 131520 132480 132660 132720 132960 133920 134100 134160 134400 135360 135540 135600 135840 136800 136980 137040 137280 138240 138420 138480 138720 139680 139860 139920 140160 141120 141300 141360 141600 142560 142740 142800 143040 144000 144180 144240 144480 145440 145620 145680 145920 146880 147060 147120 147360 148320 148500 148560 148800 149760 149940 150000 150240 151200 151380 151440 151680 152640 152820 152880 153120 154080 154260 154320 154560 155520 155700 155760 156000 156960 157140 157200 157440 158400 158580 158640 158880 159840 160020 160080 160320 161280 161460 161520 161760 162720 162900 162960 163200 164160 164340 164400 164640 165600 165780 165840 166080 167040 167220 167280 167520 168480 168660 168720 168960 169920 170100 170160 170400 171360 171540 171600 171840 172800 172980 173040 173280 174240 174420 174480 174720 175680 175860 175920 176160 177120 177300 177360 177600 178560 178740 178800 179040 180000 180180 180240 180480 181440 181620 181680 181920 182880 183060 183120 183360 184320 184500 184560 184800 185760 185940 186000 186240 187200 187380 187440 187680 188640 188820 188880 189120 190080 190260 190320 190560 191520 191700 191760 192000 192960 193140 193200 193440 194400 194580 194640 194880 195840 196020 196080 196320 197280 197460 197520 197760 198720 198900 198960 199200 200160 200340 200400 200640 201600 201780 201840 202080 203040 203220 203280 203520 204480 204660 204720 204960 205920 206100 206160 206400 207360 207540 207600 207840 208800 208980 209040 209280 210240 210420 210480 210720 211680 211860 211920 212160 213120 213300 213360 213600 214560 214740 214800 215040 216000 216180 216240 216480 217440 217620 217680 217920 218880 219060 219120 219360 220320 220500 220560 220800 221760 221940 222000 222240 223200 223380 223440 223680 224640 224820 224880 225120 226080 226260 226320 226560 227520 227700 227760 228000 228960 229140 229200 229440 230400 230580 230640 230880 231840 232020 232080 232320 233280 233460 233520 233760 234720 234900 234960 235200 236160 236340 236400 236640 237600 237780 237840 238080 239040 239220 239280 239520 240480 240660 240720 240960 241920 242100 242160 242400 243360 243540 243600 243840 244800 244980 245040 245280 246240 246420 246480 246720 247680 247860 247920 248160 249120 249300 249360 249600 250560 250740 250800 251040 252000 252180 252240 252480 253440 253620 253680 253920 254880 255060 255120 255360 256320 256500 256560 256800 257760 257940 258000 258240 259200  -1
180 240 480 1440 1620 1680 1920 2880 3060 3120 3360 4320 4500 4560 4800 5760 5940 6000 6240 7200 7380 7440 7680 8640 8820 8880 9120 10080 10260 10320 10560 11520 11700 11760 12000 12960 13140 13200 13440 14400 14580 14640 14880 15840 16020 16080 16320 17280 17460 17520 17760 18720 18900 18960 19200 20160 20340 20400 20640 21600 21780 21840 22080 23040 23220 23280 23520 24480 24660 24720 24960 25920 26100 26160 26400 27360 27540 27600 27840 28800 28980 29040 29280 30240 30420 30480 30720 31680 31860 31920 32160 33120 33300 33360 33600 34560 34740 34800 35040 36000 36180 36240 36480 37440 37620 37680 37920 38880 39060 39120 39360 40320 40500 40560 40800 41760 41940 42000 42240 43200 43380 43440 43680 44640 44820 44880 45120 46080 46260 46320 46560 47520 47700 47760 48000 48960 49140 49200 49440 50400 50580 50640 50880 51840 52020 52080 52320 53280 53460 53520 53760 54720 54900 54960 55200 56160 56340 56400 56640 57600 57780 57840 58080 59040 59220 59280 59520 60480 60660 60720 60960 61920 62100 62160 62400 63360 63540 63600 63840 64800 64980 65040 65280 66240 66420 66480 66720 67680 67860 67920 68160 69120 69300 69360 69600 70560 70740 70800 71040 72000 72180 72240 72480 73440 73620 73680 73920 74880 75060 75120 75360 76320 76500 76560 76800 77760 77940 78000 78240 79200 79380 79440 79680 80640 80820 80880 81120 82080 82260 82320 82560 83520 83700 83760 84000 84960 85140 85200 85440 86400 86580 86640 86880 87840 88020 88080 88320 89280 89460 89520 89760 90720 90900 90960 91200 92160 92340 92400 92640 93600 93780 93840 94080 95040 95220 95280 95520 96480 96660 96720 96960 97920 98100 98160 98400 99360 99540 99600 99840 100800 100980 101040 101280 102240 102420 102480 102720 103680 103860 103920 104160 105120 105300 105360 105600 106560 106740 106800 107040 108000 108180 108240 108480 109440 109620 109680 109920 110880 111060 111120 111360 112320 112500 112560 112800 113760 113940 114000 114240 115200 115380 115440 115680 116640 116820 116880 117120 118080 118260 118320 118560 119520 119700 119760 120000 120960 121140 121200 121440 122400 122580 122640 122880 123840 124020 124080 124320 125280 125460 125520 125760 126720 126900 126960 127200 128160 128340 128400 128640 129600 129780 129840 130080 131040 131220 131280 131520 132480 132660 132720 132960 133920 134100 134160 134400 135360 135540 135600 135840 136800 136980 137040 137280 138240 138420 138480 138720 139680 139860 139920 140160 141120 141300 141360 141600 142560 142740 142800 143040 144000 144180 144240 144480 145440 145620 145680 145920 146880 147060 147120 147360 148320 148500 148560 148800 149760 149940 150000 150240 151200 151380 151440 151680 152640 152820 152880 153120 154080 154260 154320 154560 155520 155700 155760 156000 156960 157140 157200 157440 158400 158580 158640 158880 159840 160020 160080 160320 161280 161460 161520 161760 162720 162900 162960 163200 164160 164340 164400 164640 165600 165780 165840 166080 167040 167220 167280 167520 168480 168660 168720 168960 169920 170100 170160 170400 171360 171540 171600 171840 172800 172980 173040 173280 174240 174420 174480 174720 175680 175860 175920 176160 177120 177300 177360 177600 178560 178740 178800 179040 180000 180180 180240 180480 181440 181620 181680 181920 182880 183060 183120 183360 184320 184500 184560 184800 185760 185940 186000 186240 187200 187380 187440 187680 188640 188820 188880 189120 190080 190260 190320 190560 191520 191700 191760 192000 192960 193140 193200 193440 194400 194580 194640 194880 195840 196020 196080 196320 197280 197460 197520 197760 198720 198900 198960 199200 200160 200340 200400 200640 201600 201780 201840 202080 203040 203220 203280 203520 204480 204660 204720 204960 205920 206100 206160 206400 207360 207540 207600 207840 208800 208980 209040 209280 210240 210420 210480 210720 211680 211860 211920 212160 213120 213300 213360 213600 214560 214740 214800 215040 216000 216180 216240 216480 217440 217620 217680 217920 218880 219060 219120 219360 220320 220500 220560 220800 221760 221940 222000 222240 223200 223380 223440 223680 224640 224820 224880 225120 226080 226260 226320 226560 227520 227700 227760 228000 228960 229140 229200 229440 230400 230580 230640 230880 231840 232020 232080 232320 233280 233460 233520 233760 234720 234900 234960 235200 236160 236340 236400 236640 237600 237780 237840 238080 239040 239220 239280 239520 240480 240660 240720 240960 241920 242100 242160 242400 243360 243540 243600 243840 244800 244980 245040 245280 246240 246420 246480 246720 247680 247860 247920 248160 249120 249300 249360 249600 250560 250740 250800 251040 252000 252180 252240 252480 253440 253620 253680 253920 254880 255060 255120 255360 256320 256500 256560 256800 257760 257940 258000 258240 259200  -1



1 0 11 960 6 -1
5760 4800 5760 3840 4800 5760 4800 4800 4800 4800 4800 
S0 O1 O2 O3 O4 F0
1 1 1 1 1 1 
1 1 1 1 1 1 
1 1 1 1 1 1 
1 1 1 1 1 1 
1 1 1 1 1 1 
1 1 1 1 1 1 
0
3 Mac1 50 Mac2 21 Mac3 21 
3 Mac1 54 Mac2 27 Mac3 36 
3 Mac1 23 Mac2 56 Mac3 43 
3 Mac1 21 Mac2 55 Mac3 29 
0


2 0 11 960 6 0
5760 4800 5760 3840 4800 5760 4800 4800 4800 4800 4800 
S0 O1 O2 O3 O4 F1
1 1 1 1 1 1 
1 1 1 1 1 1 
1 1 1 1 1 1 
1 1 1 1 1 1 
1 1 1 1 1 1 
1 1 1 1 1 1 
0
3 Mac1 34 Mac2 26 Mac3 33 
3 Mac1 27 Mac2 32 Mac3 59 
3 Mac1 53 Mac2 37 Mac3 26 
3 Mac1 27 Mac2 25 Mac3 48 
0


3 0 14 600 7 -2
2400 2400 2400 2400 3000 3600 2400 3000 3000 3600 2400 2400 3000 3000 
S1 O1 O2 O3 O4 O5 F1
1 1 1 1 1 1 1 
1 1 1 1 1 1 1 
1 1 1 1 1 1 1 
1 1 1 1 1 1 1 
1 1 1 1 1 1 1 
1 1 1 1 1 1 1 
1 1 1 1 1 1 1 
0
2 Mac1 57 Mac2 23 
3 Mac1 30 Mac2 50 Mac3 31 
3 Mac1 59 Mac2 21 Mac3 37 
3 Mac1 28 Mac2 22 Mac3 55 
3 Mac1 47 Mac2 59 Mac3 32 
0


4 0 13 360 5 -2
1440 1440 1800 1800 2160 2160 1800 1440 1800 1800 1800 1440 1800 
S2 O1 O2 O3 F2
1 1 1 1 1 
1 1 1 1 1 
1 1 1 1 1 
1 1 1 1 1 
1 1 1 1 1 
0
2 Mac1 28 Mac2 41 
3 Mac1 31 Mac2 32 Mac3 44 
3 Mac1 34 Mac2 38 Mac3 55 
0


5 0 15 480 6 -2
2400 2880 1920 1920 1920 2880 2400 2400 1920 2400 2880 2400 1920 1920 2400 
S3 O1 O2 O3 O4 F3
1 1 1 1 1 1 
1 1 1 1 1 1 
1 1 1 1 1 1 
1 1 1 1 1 1 
1 1 1 1 1 1 
1 1 1 1 1 1 
0
3 Mac1 56 Mac2 30 Mac3 22 
3 Mac1 45 Mac2 50 Mac3 29 
2 Mac1 39 Mac2 44 
3 Mac1 55 Mac2 33 Mac3 53 
0


6 0 15 360 5 -2
1800 2160 1800 1800 1800 1800 1440 1800 1440 1800 1800 1800 1440 1440 1800 
S4 O1 O2 O3 F4
1 1 1 1 1 
1 1 1 1 1 
1 1 1 1 1 
1 1 1 1 1 
1 1 1 1 1 
0
3 Mac1 42 Mac2 45 Mac3 39 
3 Mac1 52 Mac2 43 Mac3 50 
3 Mac1 25 Mac2 53 Mac3 37 
0



