3 12 20 12 5

2
10

Mac1 Mac2 Mac3 
0 0 0 
1 2 3 


4 7 6 10 10 
4 3 2 3 6 
4 8 12 8 2 
4 5 7 5 4 
4 4 9 10 11 
4 1 12 8 10 
4 3 8 4 8 
4 4 4 8 1 
4 2 10 5 5 
4 2 4 1 7 
4 4 9 5 11 
4 11 2 10 3 
4 6 5 9 10 
4 7 12 11 6 
4 6 3 2 3 
4 6 8 11 5 
4 1 11 7 7 
4 11 6 9 9 
4 2 7 12 9 
4 9 1 3 1 


14400 18000 32400 36000 50400 54000 68400 72000 86400 90000 104400 122400 126000 140400 144400 158400 165600 180000 194400 198000 212400 216000 230400 234000 248400 252000 266400 270000 284400 288000 302400 306000 324000 338400 342000 356400 362800 377200 380800 395200 398800 -1 
14400 18000 32400 36000 50400 54000 68400 72000 86400 90000 104400 122400 126000 140400 144400 158400 165600 180000 194400 198000 212400 216000 230400 234000 248400 252000 266400 270000 284400 288000 302400 306000 324000 338400 342000 356400 362800 377200 380800 395200 398800 -1 
14400 18000 32400 36000 50400 54000 68400 72000 86400 90000 104400 122400 126000 140400 144400 158400 165600 180000 194400 198000 212400 216000 230400 234000 248400 252000 266400 270000 284400 288000 302400 306000 324000 338400 342000 356400 362800 377200 380800 395200 398800 -1 



1 0 10 192000 7 -1
768000 768000 768000 1152000 1152000 960000 960000 1152000 1152000 1152000 
S0 O1 O2 O3 O4 O5 F0
0 1 0 0 0 0 0 
0 0 1 0 0 0 0 
0 0 0 1 0 0 0 
0 0 0 0 1 0 0 
0 0 0 0 0 1 0 
0 0 0 0 0 0 1 
0 0 0 0 0 0 0 
0
2 Mac1 4305 Mac3 2806 
3 Mac1 1903 Mac2 2200 Mac3 2205 
3 Mac1 4624 Mac2 2176 Mac3 4389 
2 Mac1 3476 Mac2 3040 
3 Mac1 2128 Mac2 1205 Mac3 2204 
0


2 0 10 192000 7 0
768000 768000 768000 1152000 1152000 960000 960000 1152000 1152000 1152000 
S0 O1 O2 O3 O4 O5 F1
0 1 0 0 0 0 0 
0 0 1 0 0 0 0 
0 0 0 1 0 0 0 
0 0 0 0 1 0 0 
0 0 0 0 0 1 0 
0 0 0 0 0 0 1 
0 0 0 0 0 0 0 
0
2 Mac1 3026 Mac3 2749 
3 Mac1 2070 Mac2 3384 Mac3 3389 
3 Mac1 2671 Mac2 4681 Mac3 1658 
2 Mac1 1693 Mac2 3027 
3 Mac1 2864 Mac2 3493 Mac3 3443 
0


3 0 15 115200 5 -1
691200 460800 460800 460800 460800 576000 576000 691200 460800 576000 576000 576000 460800 576000 691200 
S1 O1 O2 O3 F1
0 1 0 0 0 
0 0 1 0 0 
0 0 0 1 0 
0 0 0 0 1 
0 0 0 0 0 
0
3 Mac1 1549 Mac2 1494 Mac3 2115 
3 Mac1 1825 Mac2 1640 Mac3 2079 
2 Mac2 3163 Mac3 3231 
0


4 0 15 115200 5 2
691200 460800 460800 460800 460800 576000 576000 691200 460800 576000 576000 576000 460800 576000 691200 
S1 O1 O2 O3 F2
0 1 0 0 0 
0 0 1 0 0 
0 0 0 1 0 
0 0 0 0 1 
0 0 0 0 0 
0
3 Mac1 4324 Mac2 1796 Mac3 4442 
3 Mac1 1893 Mac2 2479 Mac3 4144 
2 Mac2 3812 Mac3 2673 
0


5 0 10 96000 7 -2
384000 576000 384000 576000 576000 384000 384000 480000 576000 384000 
S2 O1 O2 O3 O4 O5 F2
0 1 0 0 0 0 0 
0 0 1 0 0 0 0 
0 0 0 1 0 0 0 
0 0 0 0 1 0 0 
0 0 0 0 0 1 0 
0 0 0 0 0 0 1 
0 0 0 0 0 0 0 
0
2 Mac1 4342 Mac3 2878 
3 Mac1 4619 Mac2 1382 Mac3 1582 
3 Mac1 3132 Mac2 1251 Mac3 2908 
3 Mac1 3619 Mac2 4421 Mac3 1512 
2 Mac1 4409 Mac3 2621 
0


6 0 13 76800 6 -2
384000 384000 460800 307200 307200 460800 307200 384000 307200 384000 307200 307200 384000 
S3 O1 O2 O3 O4 F3
0 1 0 0 0 0 
0 0 1 0 0 0 
0 0 0 1 0 0 
0 0 0 0 1 0 
0 0 0 0 0 1 
0 0 0 0 0 0 
0
3 Mac1 1920 Mac2 3349 Mac3 4352 
2 Mac1 4769 Mac2 2868 
3 Mac1 3364 Mac2 4282 Mac3 4281 
2 Mac1 4021 Mac2 3417 
0


7 0 16 96000 7 -2
480000 480000 480000 480000 576000 480000 576000 384000 576000 384000 480000 480000 384000 576000 480000 384000 
S4 O1 O2 O3 O4 O5 F4
0 1 0 0 0 0 0 
0 0 1 0 0 0 0 
0 0 0 1 0 0 0 
0 0 0 0 1 0 0 
0 0 0 0 0 1 0 
0 0 0 0 0 0 1 
0 0 0 0 0 0 0 
0
2 Mac1 3505 Mac3 4059 
2 Mac1 4139 Mac2 3165 
2 Mac1 2965 Mac3 4757 
2 Mac2 4602 Mac3 2378 
2 Mac1 2219 Mac3 4694 
0


8 0 18 57600 5 -2
345600 345600 288000 288000 230400 230400 288000 345600 230400 288000 288000 345600 288000 288000 230400 288000 345600 288000 
S5 O1 O2 O3 F5
0 1 0 0 0 
0 0 1 0 0 
0 0 0 1 0 
0 0 0 0 1 
0 0 0 0 0 
0
2 Mac1 3886 Mac3 3847 
3 Mac1 2879 Mac2 1866 Mac3 1201 
3 Mac1 2282 Mac2 3494 Mac3 3469 
0


9 0 12 76800 6 -2
460800 307200 307200 460800 384000 384000 384000 460800 307200 384000 307200 460800 
S6 O1 O2 O3 O4 F6
0 1 0 0 0 0 
0 0 1 0 0 0 
0 0 0 1 0 0 
0 0 0 0 1 0 
0 0 0 0 0 1 
0 0 0 0 0 0 
0
3 Mac1 1770 Mac2 3743 Mac3 4785 
2 Mac1 3798 Mac2 1947 
2 Mac1 2307 Mac3 4657 
3 Mac1 2742 Mac2 2796 Mac3 2620 
0


10 0 12 76800 6 -2
384000 307200 460800 384000 307200 460800 460800 384000 460800 460800 307200 384000 
S7 O1 O2 O3 O4 F7
0 1 0 0 0 0 
0 0 1 0 0 0 
0 0 0 1 0 0 
0 0 0 0 1 0 
0 0 0 0 0 1 
0 0 0 0 0 0 
0
2 Mac1 3679 Mac2 3888 
2 Mac1 1395 Mac3 4374 
3 Mac1 1975 Mac2 3014 Mac3 4663 
3 Mac1 4443 Mac2 3205 Mac3 4689 
0


11 0 18 57600 5 -2
345600 345600 230400 288000 230400 288000 230400 345600 345600 345600 345600 230400 288000 345600 345600 288000 345600 230400 
S8 O1 O2 O3 F8
0 1 0 0 0 
0 0 1 0 0 
0 0 0 1 0 
0 0 0 0 1 
0 0 0 0 0 
0
3 Mac1 3194 Mac2 4769 Mac3 2695 
2 Mac1 2405 Mac3 1659 
3 Mac1 3863 Mac2 4572 Mac3 2992 
0


12 0 12 76800 6 -2
384000 307200 307200 384000 384000 384000 384000 307200 384000 307200 384000 384000 
S9 O1 O2 O3 O4 F9
0 1 0 0 0 0 
0 0 1 0 0 0 
0 0 0 1 0 0 
0 0 0 0 1 0 
0 0 0 0 0 1 
0 0 0 0 0 0 
0
2 Mac2 1518 Mac3 4000 
2 Mac2 4359 Mac3 3024 
2 Mac1 4315 Mac2 4054 
2 Mac1 2446 Mac3 3357 
0



