5 24 40 24 5

4
10

Mac1 Mac2 Mac3 Mac4 Mac5 
0 0 0 0 0 
1 2 3 4 5 


4 22 7 21 23 
4 18 23 24 14 
4 15 21 1 15 
4 11 23 1 3 
4 10 10 3 11 
4 17 12 5 11 
4 5 8 22 7 
4 21 3 10 12 
4 13 12 4 8 
4 5 9 3 20 
4 18 8 8 8 
4 19 10 7 24 
4 14 7 12 22 
4 20 22 24 9 
4 2 20 20 4 
4 2 23 5 9 
4 9 19 1 8 
4 10 5 1 18 
4 3 22 23 19 
4 23 2 9 1 
4 12 17 7 13 
4 21 14 2 2 
4 10 6 13 1 
4 23 11 17 21 
4 2 2 11 7 
4 9 9 12 7 
4 5 24 22 5 
4 16 10 16 3 
4 12 3 16 18 
4 13 11 21 18 
4 8 21 4 6 
4 18 1 4 6 
4 17 20 19 4 
4 24 4 20 11 
4 24 15 17 18 
4 13 16 20 6 
4 17 13 22 6 
4 15 6 13 24 
4 16 16 16 14 
4 19 17 4 14 


480 540 1020 1080 1560 1620 2100 2160 2640 2700 3180 3240 3720 3780 4260 4320 4800 4860 5340 5400 5880 5940 6420 6480 6960 7020 7500 7560 8040 8100 8580 8640 9120 9180 9660 9720 10200 10260 10740 10800 11280 11340 11820 11880 12360 12420 12900 12960 13440 13500 13980 14040 14520 14580 15060 15120 15600 15660 16140 16200 16680 16740 17220 17280 17760 17820 18300 18360 18840 18900 19380 19440 19920 19980 20460 20520 21000 21060 21540 21600 22080 22140 22620 22680 23160 23220 23700 23760 24240 24300 24780 24840 25320 25380 25860 25920 26400 26460 26940 27000 27480 27540 28020 28080 28560 28620 29100 29160 29640 29700 30180 30240 30720 30780 31260 31320 31800 31860 32340 32400 32880 32940 33420 33480 33960 34020 34500 34560 35040 35100 35580 35640 36120 36180 36660 36720 37200 37260 37740 37800 38280 38340 38820 38880 39360 39420 39900 39960 40440 40500 40980 41040 41520 41580 42060 42120 42600 42660 43140 43200 43680 43740 44220 44280 44760 44820 45300 45360 45840 45900 46380 46440 46920 46980 47460 47520 48000 48060 48540 48600 49080 49140 49620 49680 50160 50220 50700 50760 51240 51300 51780 51840 52320 52380 52860 52920 53400 53460 53940 54000 54480 54540 55020 55080 55560 55620 56100 56160 56640 56700 57180 57240 57720 57780 58260 58320 58800 58860 59340 59400 59880 59940 60420 60480 60960 61020 61500 61560 62040 62100 62580 62640 63120 63180 63660 63720 64200 64260 64740 64800 65280 65340 65820 65880 66360 66420 66900 66960 67440 67500 67980 68040 68520 68580 69060 69120 69600 69660 70140 70200 70680 70740 71220 71280 71760 71820 72300 72360 72840 72900 73380 73440 73920 73980 74460 74520 75000 75060 75540 75600 76080 76140 76620 76680 77160 77220 77700 77760 78240 78300 78780 78840 79320 79380 79860 79920 80400 80460 80940 81000 81480 81540 82020 82080 82560 82620 83100 83160 83640 83700 84180 84240 84720 84780 85260 85320 85800 85860 86340 86400 86880 86940 87420 87480 87960 88020 88500 88560 89040 89100 89580 89640 90120 90180 90660 90720 91200 91260 91740 91800 92280 92340 92820 92880 93360 93420 93900 93960 94440 94500 94980 95040 95520 95580 96060 96120 96600 96660 97140 97200 97680 97740 98220 98280 98760 98820 99300 99360 99840 99900 100380 100440 100920 100980 101460 101520 102000 102060 102540 102600 103080 103140 103620 103680 104160 104220 104700 104760 105240 105300 105780 105840 106320 106380 106860 106920 107400 107460 107940 108000 108480 108540 109020 109080 109560 109620 110100 110160 110640 110700 111180 111240 111720 111780 112260 112320 112800 112860 113340 113400 113880 113940 114420 114480 114960 115020 115500 115560 116040 116100 116580 116640 117120 117180 117660 117720 118200 118260 118740 118800 119280 119340 119820 119880 120360 120420 120900 120960 121440 121500 121980 122040 122520 122580 123060 123120 123600 123660 124140 124200 124680 124740 125220 125280 125760 125820 126300 126360 126840 126900 127380 127440 127920 127980 128460 128520 129000 129060 129540 129600 130080 130140 130620 130680 131160 131220 131700 131760 132240 132300 132780 132840 133320 133380 133860 133920 134400 134460 134940 135000 135480 135540 136020 136080 136560 136620 137100 137160 137640 137700 138180 138240 138720 138780 139260 139320 139800 139860 140340 140400 140880 140940 141420 141480 141960 142020 142500 142560 143040 143100 143580 143640 144120 144180 144660 144720 145200 145260 145740 145800 146280 146340 146820 146880 147360 147420 147900 147960 148440 148500 148980 149040 149520 149580 150060 150120 150600 150660 151140 151200 151680 151740 152220 152280 152760 152820 153300 153360 153840 153900 154380 154440 154920 154980 155460 155520 156000 156060 156540 156600 157080 157140 157620 157680 158160 158220 158700 158760 159240 159300 159780 159840 160320 160380 160860 160920 161400 161460 161940 162000 162480 162540 163020 163080 163560 163620 164100 164160 164640 164700 165180 165240 165720 165780 166260 166320 166800 166860 167340 167400 167880 167940 168420 168480 168960 169020 169500 169560 170040 170100 170580 170640 171120 171180 171660 171720 172200 172260 172740 172800 173280 173340 173820 173880 174360 174420 174900 174960 175440 175500 175980 176040 176520 176580 177060 177120 177600 177660 178140 178200 178680 178740 179220 179280 179760 179820 180300 180360 180840 180900 181380 181440 181920 181980 182460 182520 183000 183060 183540 183600 184080 184140 184620 184680 185160 185220 185700 185760 186240 186300 186780 186840 187320 187380 187860 187920 188400 188460 188940 189000 189480 189540 190020 190080 190560 190620 191100 191160 191640 191700 192180 192240 192720 192780 193260 193320 193800 193860 194340 194400 194880 194940 195420 195480 195960 196020 196500 196560 197040 197100 197580 197640 198120 198180 198660 198720 199200 199260 199740 199800 200280 200340 200820 200880 201360 201420 201900 201960 202440 202500 202980 203040 203520 203580 204060 204120 204600 204660 205140 205200 205680 205740 206220 206280 206760 206820 207300 207360 207840 207900 208380 208440 208920 208980 209460 209520 210000 210060 210540 210600 211080 211140 211620 211680 212160 212220 212700 212760 213240 213300 213780 213840 214320 214380 214860 214920 215400 215460 215940 216000 216480 216540 217020 217080 217560 217620 218100 218160 218640 218700 219180 -1
480 540 1020 1080 1560 1620 2100 2160 2640 2700 3180 3240 3720 3780 4260 4320 4800 4860 5340 5400 5880 5940 6420 6480 6960 7020 7500 7560 8040 8100 8580 8640 9120 9180 9660 9720 10200 10260 10740 10800 11280 11340 11820 11880 12360 12420 12900 12960 13440 13500 13980 14040 14520 14580 15060 15120 15600 15660 16140 16200 16680 16740 17220 17280 17760 17820 18300 18360 18840 18900 19380 19440 19920 19980 20460 20520 21000 21060 21540 21600 22080 22140 22620 22680 23160 23220 23700 23760 24240 24300 24780 24840 25320 25380 25860 25920 26400 26460 26940 27000 27480 27540 28020 28080 28560 28620 29100 29160 29640 29700 30180 30240 30720 30780 31260 31320 31800 31860 32340 32400 32880 32940 33420 33480 33960 34020 34500 34560 35040 35100 35580 35640 36120 36180 36660 36720 37200 37260 37740 37800 38280 38340 38820 38880 39360 39420 39900 39960 40440 40500 40980 41040 41520 41580 42060 42120 42600 42660 43140 43200 43680 43740 44220 44280 44760 44820 45300 45360 45840 45900 46380 46440 46920 46980 47460 47520 48000 48060 48540 48600 49080 49140 49620 49680 50160 50220 50700 50760 51240 51300 51780 51840 52320 52380 52860 52920 53400 53460 53940 54000 54480 54540 55020 55080 55560 55620 56100 56160 56640 56700 57180 57240 57720 57780 58260 58320 58800 58860 59340 59400 59880 59940 60420 60480 60960 61020 61500 61560 62040 62100 62580 62640 63120 63180 63660 63720 64200 64260 64740 64800 65280 65340 65820 65880 66360 66420 66900 66960 67440 67500 67980 68040 68520 68580 69060 69120 69600 69660 70140 70200 70680 70740 71220 71280 71760 71820 72300 72360 72840 72900 73380 73440 73920 73980 74460 74520 75000 75060 75540 75600 76080 76140 76620 76680 77160 77220 77700 77760 78240 78300 78780 78840 79320 79380 79860 79920 80400 80460 80940 81000 81480 81540 82020 82080 82560 82620 83100 83160 83640 83700 84180 84240 84720 84780 85260 85320 85800 85860 86340 86400 86880 86940 87420 87480 87960 88020 88500 88560 89040 89100 89580 89640 90120 90180 90660 90720 91200 91260 91740 91800 92280 92340 92820 92880 93360 93420 93900 93960 94440 94500 94980 95040 95520 95580 96060 96120 96600 96660 97140 97200 97680 97740 98220 98280 98760 98820 99300 99360 99840 99900 100380 100440 100920 100980 101460 101520 102000 102060 102540 102600 103080 103140 103620 103680 104160 104220 104700 104760 105240 105300 105780 105840 106320 106380 106860 106920 107400 107460 107940 108000 108480 108540 109020 109080 109560 109620 110100 110160 110640 110700 111180 111240 111720 111780 112260 112320 112800 112860 113340 113400 113880 113940 114420 114480 114960 115020 115500 115560 116040 116100 116580 116640 117120 117180 117660 117720 118200 118260 118740 118800 119280 119340 119820 119880 120360 120420 120900 120960 121440 121500 121980 122040 122520 122580 123060 123120 123600 123660 124140 124200 124680 124740 125220 125280 125760 125820 126300 126360 126840 126900 127380 127440 127920 127980 128460 128520 129000 129060 129540 129600 130080 130140 130620 130680 131160 131220 131700 131760 132240 132300 132780 132840 133320 133380 133860 133920 134400 134460 134940 135000 135480 135540 136020 136080 136560 136620 137100 137160 137640 137700 138180 138240 138720 138780 139260 139320 139800 139860 140340 140400 140880 140940 141420 141480 141960 142020 142500 142560 143040 143100 143580 143640 144120 144180 144660 144720 145200 145260 145740 145800 146280 146340 146820 146880 147360 147420 147900 147960 148440 148500 148980 149040 149520 149580 150060 150120 150600 150660 151140 151200 151680 151740 152220 152280 152760 152820 153300 153360 153840 153900 154380 154440 154920 154980 155460 155520 156000 156060 156540 156600 157080 157140 157620 157680 158160 158220 158700 158760 159240 159300 159780 159840 160320 160380 160860 160920 161400 161460 161940 162000 162480 162540 163020 163080 163560 163620 164100 164160 164640 164700 165180 165240 165720 165780 166260 166320 166800 166860 167340 167400 167880 167940 168420 168480 168960 169020 169500 169560 170040 170100 170580 170640 171120 171180 171660 171720 172200 172260 172740 172800 173280 173340 173820 173880 174360 174420 174900 174960 175440 175500 175980 176040 176520 176580 177060 177120 177600 177660 178140 178200 178680 178740 179220 179280 179760 179820 180300 180360 180840 180900 181380 181440 181920 181980 182460 182520 183000 183060 183540 183600 184080 184140 184620 184680 185160 185220 185700 185760 186240 186300 186780 186840 187320 187380 187860 187920 188400 188460 188940 189000 189480 189540 190020 190080 190560 190620 191100 191160 191640 191700 192180 192240 192720 192780 193260 193320 193800 193860 194340 194400 194880 194940 195420 195480 195960 196020 196500 196560 197040 197100 197580 197640 198120 198180 198660 198720 199200 199260 199740 199800 200280 200340 200820 200880 201360 201420 201900 201960 202440 202500 202980 203040 203520 203580 204060 204120 204600 204660 205140 205200 205680 205740 206220 206280 206760 206820 207300 207360 207840 207900 208380 208440 208920 208980 209460 209520 210000 210060 210540 210600 211080 211140 211620 211680 212160 212220 212700 212760 213240 213300 213780 213840 214320 214380 214860 214920 215400 215460 215940 216000 216480 216540 217020 217080 217560 217620 218100 218160 218640 218700 219180 -1
480 540 1020 1080 1560 1620 2100 2160 2640 2700 3180 3240 3720 3780 4260 4320 4800 4860 5340 5400 5880 5940 6420 6480 6960 7020 7500 7560 8040 8100 8580 8640 9120 9180 9660 9720 10200 10260 10740 10800 11280 11340 11820 11880 12360 12420 12900 12960 13440 13500 13980 14040 14520 14580 15060 15120 15600 15660 16140 16200 16680 16740 17220 17280 17760 17820 18300 18360 18840 18900 19380 19440 19920 19980 20460 20520 21000 21060 21540 21600 22080 22140 22620 22680 23160 23220 23700 23760 24240 24300 24780 24840 25320 25380 25860 25920 26400 26460 26940 27000 27480 27540 28020 28080 28560 28620 29100 29160 29640 29700 30180 30240 30720 30780 31260 31320 31800 31860 32340 32400 32880 32940 33420 33480 33960 34020 34500 34560 35040 35100 35580 35640 36120 36180 36660 36720 37200 37260 37740 37800 38280 38340 38820 38880 39360 39420 39900 39960 40440 40500 40980 41040 41520 41580 42060 42120 42600 42660 43140 43200 43680 43740 44220 44280 44760 44820 45300 45360 45840 45900 46380 46440 46920 46980 47460 47520 48000 48060 48540 48600 49080 49140 49620 49680 50160 50220 50700 50760 51240 51300 51780 51840 52320 52380 52860 52920 53400 53460 53940 54000 54480 54540 55020 55080 55560 55620 56100 56160 56640 56700 57180 57240 57720 57780 58260 58320 58800 58860 59340 59400 59880 59940 60420 60480 60960 61020 61500 61560 62040 62100 62580 62640 63120 63180 63660 63720 64200 64260 64740 64800 65280 65340 65820 65880 66360 66420 66900 66960 67440 67500 67980 68040 68520 68580 69060 69120 69600 69660 70140 70200 70680 70740 71220 71280 71760 71820 72300 72360 72840 72900 73380 73440 73920 73980 74460 74520 75000 75060 75540 75600 76080 76140 76620 76680 77160 77220 77700 77760 78240 78300 78780 78840 79320 79380 79860 79920 80400 80460 80940 81000 81480 81540 82020 82080 82560 82620 83100 83160 83640 83700 84180 84240 84720 84780 85260 85320 85800 85860 86340 86400 86880 86940 87420 87480 87960 88020 88500 88560 89040 89100 89580 89640 90120 90180 90660 90720 91200 91260 91740 91800 92280 92340 92820 92880 93360 93420 93900 93960 94440 94500 94980 95040 95520 95580 96060 96120 96600 96660 97140 97200 97680 97740 98220 98280 98760 98820 99300 99360 99840 99900 100380 100440 100920 100980 101460 101520 102000 102060 102540 102600 103080 103140 103620 103680 104160 104220 104700 104760 105240 105300 105780 105840 106320 106380 106860 106920 107400 107460 107940 108000 108480 108540 109020 109080 109560 109620 110100 110160 110640 110700 111180 111240 111720 111780 112260 112320 112800 112860 113340 113400 113880 113940 114420 114480 114960 115020 115500 115560 116040 116100 116580 116640 117120 117180 117660 117720 118200 118260 118740 118800 119280 119340 119820 119880 120360 120420 120900 120960 121440 121500 121980 122040 122520 122580 123060 123120 123600 123660 124140 124200 124680 124740 125220 125280 125760 125820 126300 126360 126840 126900 127380 127440 127920 127980 128460 128520 129000 129060 129540 129600 130080 130140 130620 130680 131160 131220 131700 131760 132240 132300 132780 132840 133320 133380 133860 133920 134400 134460 134940 135000 135480 135540 136020 136080 136560 136620 137100 137160 137640 137700 138180 138240 138720 138780 139260 139320 139800 139860 140340 140400 140880 140940 141420 141480 141960 142020 142500 142560 143040 143100 143580 143640 144120 144180 144660 144720 145200 145260 145740 145800 146280 146340 146820 146880 147360 147420 147900 147960 148440 148500 148980 149040 149520 149580 150060 150120 150600 150660 151140 151200 151680 151740 152220 152280 152760 152820 153300 153360 153840 153900 154380 154440 154920 154980 155460 155520 156000 156060 156540 156600 157080 157140 157620 157680 158160 158220 158700 158760 159240 159300 159780 159840 160320 160380 160860 160920 161400 161460 161940 162000 162480 162540 163020 163080 163560 163620 164100 164160 164640 164700 165180 165240 165720 165780 166260 166320 166800 166860 167340 167400 167880 167940 168420 168480 168960 169020 169500 169560 170040 170100 170580 170640 171120 171180 171660 171720 172200 172260 172740 172800 173280 173340 173820 173880 174360 174420 174900 174960 175440 175500 175980 176040 176520 176580 177060 177120 177600 177660 178140 178200 178680 178740 179220 179280 179760 179820 180300 180360 180840 180900 181380 181440 181920 181980 182460 182520 183000 183060 183540 183600 184080 184140 184620 184680 185160 185220 185700 185760 186240 186300 186780 186840 187320 187380 187860 187920 188400 188460 188940 189000 189480 189540 190020 190080 190560 190620 191100 191160 191640 191700 192180 192240 192720 192780 193260 193320 193800 193860 194340 194400 194880 194940 195420 195480 195960 196020 196500 196560 197040 197100 197580 197640 198120 198180 198660 198720 199200 199260 199740 199800 200280 200340 200820 200880 201360 201420 201900 201960 202440 202500 202980 203040 203520 203580 204060 204120 204600 204660 205140 205200 205680 205740 206220 206280 206760 206820 207300 207360 207840 207900 208380 208440 208920 208980 209460 209520 210000 210060 210540 210600 211080 211140 211620 211680 212160 212220 212700 212760 213240 213300 213780 213840 214320 214380 214860 214920 215400 215460 215940 216000 216480 216540 217020 217080 217560 217620 218100 218160 218640 218700 219180 -1
480 540 1020 1080 1560 1620 2100 2160 2640 2700 3180 3240 3720 3780 4260 4320 4800 4860 5340 5400 5880 5940 6420 6480 6960 7020 7500 7560 8040 8100 8580 8640 9120 9180 9660 9720 10200 10260 10740 10800 11280 11340 11820 11880 12360 12420 12900 12960 13440 13500 13980 14040 14520 14580 15060 15120 15600 15660 16140 16200 16680 16740 17220 17280 17760 17820 18300 18360 18840 18900 19380 19440 19920 19980 20460 20520 21000 21060 21540 21600 22080 22140 22620 22680 23160 23220 23700 23760 24240 24300 24780 24840 25320 25380 25860 25920 26400 26460 26940 27000 27480 27540 28020 28080 28560 28620 29100 29160 29640 29700 30180 30240 30720 30780 31260 31320 31800 31860 32340 32400 32880 32940 33420 33480 33960 34020 34500 34560 35040 35100 35580 35640 36120 36180 36660 36720 37200 37260 37740 37800 38280 38340 38820 38880 39360 39420 39900 39960 40440 40500 40980 41040 41520 41580 42060 42120 42600 42660 43140 43200 43680 43740 44220 44280 44760 44820 45300 45360 45840 45900 46380 46440 46920 46980 47460 47520 48000 48060 48540 48600 49080 49140 49620 49680 50160 50220 50700 50760 51240 51300 51780 51840 52320 52380 52860 52920 53400 53460 53940 54000 54480 54540 55020 55080 55560 55620 56100 56160 56640 56700 57180 57240 57720 57780 58260 58320 58800 58860 59340 59400 59880 59940 60420 60480 60960 61020 61500 61560 62040 62100 62580 62640 63120 63180 63660 63720 64200 64260 64740 64800 65280 65340 65820 65880 66360 66420 66900 66960 67440 67500 67980 68040 68520 68580 69060 69120 69600 69660 70140 70200 70680 70740 71220 71280 71760 71820 72300 72360 72840 72900 73380 73440 73920 73980 74460 74520 75000 75060 75540 75600 76080 76140 76620 76680 77160 77220 77700 77760 78240 78300 78780 78840 79320 79380 79860 79920 80400 80460 80940 81000 81480 81540 82020 82080 82560 82620 83100 83160 83640 83700 84180 84240 84720 84780 85260 85320 85800 85860 86340 86400 86880 86940 87420 87480 87960 88020 88500 88560 89040 89100 89580 89640 90120 90180 90660 90720 91200 91260 91740 91800 92280 92340 92820 92880 93360 93420 93900 93960 94440 94500 94980 95040 95520 95580 96060 96120 96600 96660 97140 97200 97680 97740 98220 98280 98760 98820 99300 99360 99840 99900 100380 100440 100920 100980 101460 101520 102000 102060 102540 102600 103080 103140 103620 103680 104160 104220 104700 104760 105240 105300 105780 105840 106320 106380 106860 106920 107400 107460 107940 108000 108480 108540 109020 109080 109560 109620 110100 110160 110640 110700 111180 111240 111720 111780 112260 112320 112800 112860 113340 113400 113880 113940 114420 114480 114960 115020 115500 115560 116040 116100 116580 116640 117120 117180 117660 117720 118200 118260 118740 118800 119280 119340 119820 119880 120360 120420 120900 120960 121440 121500 121980 122040 122520 122580 123060 123120 123600 123660 124140 124200 124680 124740 125220 125280 125760 125820 126300 126360 126840 126900 127380 127440 127920 127980 128460 128520 129000 129060 129540 129600 130080 130140 130620 130680 131160 131220 131700 131760 132240 132300 132780 132840 133320 133380 133860 133920 134400 134460 134940 135000 135480 135540 136020 136080 136560 136620 137100 137160 137640 137700 138180 138240 138720 138780 139260 139320 139800 139860 140340 140400 140880 140940 141420 141480 141960 142020 142500 142560 143040 143100 143580 143640 144120 144180 144660 144720 145200 145260 145740 145800 146280 146340 146820 146880 147360 147420 147900 147960 148440 148500 148980 149040 149520 149580 150060 150120 150600 150660 151140 151200 151680 151740 152220 152280 152760 152820 153300 153360 153840 153900 154380 154440 154920 154980 155460 155520 156000 156060 156540 156600 157080 157140 157620 157680 158160 158220 158700 158760 159240 159300 159780 159840 160320 160380 160860 160920 161400 161460 161940 162000 162480 162540 163020 163080 163560 163620 164100 164160 164640 164700 165180 165240 165720 165780 166260 166320 166800 166860 167340 167400 167880 167940 168420 168480 168960 169020 169500 169560 170040 170100 170580 170640 171120 171180 171660 171720 172200 172260 172740 172800 173280 173340 173820 173880 174360 174420 174900 174960 175440 175500 175980 176040 176520 176580 177060 177120 177600 177660 178140 178200 178680 178740 179220 179280 179760 179820 180300 180360 180840 180900 181380 181440 181920 181980 182460 182520 183000 183060 183540 183600 184080 184140 184620 184680 185160 185220 185700 185760 186240 186300 186780 186840 187320 187380 187860 187920 188400 188460 188940 189000 189480 189540 190020 190080 190560 190620 191100 191160 191640 191700 192180 192240 192720 192780 193260 193320 193800 193860 194340 194400 194880 194940 195420 195480 195960 196020 196500 196560 197040 197100 197580 197640 198120 198180 198660 198720 199200 199260 199740 199800 200280 200340 200820 200880 201360 201420 201900 201960 202440 202500 202980 203040 203520 203580 204060 204120 204600 204660 205140 205200 205680 205740 206220 206280 206760 206820 207300 207360 207840 207900 208380 208440 208920 208980 209460 209520 210000 210060 210540 210600 211080 211140 211620 211680 212160 212220 212700 212760 213240 213300 213780 213840 214320 214380 214860 214920 215400 215460 215940 216000 216480 216540 217020 217080 217560 217620 218100 218160 218640 218700 219180 -1
480 540 1020 1080 1560 1620 2100 2160 2640 2700 3180 3240 3720 3780 4260 4320 4800 4860 5340 5400 5880 5940 6420 6480 6960 7020 7500 7560 8040 8100 8580 8640 9120 9180 9660 9720 10200 10260 10740 10800 11280 11340 11820 11880 12360 12420 12900 12960 13440 13500 13980 14040 14520 14580 15060 15120 15600 15660 16140 16200 16680 16740 17220 17280 17760 17820 18300 18360 18840 18900 19380 19440 19920 19980 20460 20520 21000 21060 21540 21600 22080 22140 22620 22680 23160 23220 23700 23760 24240 24300 24780 24840 25320 25380 25860 25920 26400 26460 26940 27000 27480 27540 28020 28080 28560 28620 29100 29160 29640 29700 30180 30240 30720 30780 31260 31320 31800 31860 32340 32400 32880 32940 33420 33480 33960 34020 34500 34560 35040 35100 35580 35640 36120 36180 36660 36720 37200 37260 37740 37800 38280 38340 38820 38880 39360 39420 39900 39960 40440 40500 40980 41040 41520 41580 42060 42120 42600 42660 43140 43200 43680 43740 44220 44280 44760 44820 45300 45360 45840 45900 46380 46440 46920 46980 47460 47520 48000 48060 48540 48600 49080 49140 49620 49680 50160 50220 50700 50760 51240 51300 51780 51840 52320 52380 52860 52920 53400 53460 53940 54000 54480 54540 55020 55080 55560 55620 56100 56160 56640 56700 57180 57240 57720 57780 58260 58320 58800 58860 59340 59400 59880 59940 60420 60480 60960 61020 61500 61560 62040 62100 62580 62640 63120 63180 63660 63720 64200 64260 64740 64800 65280 65340 65820 65880 66360 66420 66900 66960 67440 67500 67980 68040 68520 68580 69060 69120 69600 69660 70140 70200 70680 70740 71220 71280 71760 71820 72300 72360 72840 72900 73380 73440 73920 73980 74460 74520 75000 75060 75540 75600 76080 76140 76620 76680 77160 77220 77700 77760 78240 78300 78780 78840 79320 79380 79860 79920 80400 80460 80940 81000 81480 81540 82020 82080 82560 82620 83100 83160 83640 83700 84180 84240 84720 84780 85260 85320 85800 85860 86340 86400 86880 86940 87420 87480 87960 88020 88500 88560 89040 89100 89580 89640 90120 90180 90660 90720 91200 91260 91740 91800 92280 92340 92820 92880 93360 93420 93900 93960 94440 94500 94980 95040 95520 95580 96060 96120 96600 96660 97140 97200 97680 97740 98220 98280 98760 98820 99300 99360 99840 99900 100380 100440 100920 100980 101460 101520 102000 102060 102540 102600 103080 103140 103620 103680 104160 104220 104700 104760 105240 105300 105780 105840 106320 106380 106860 106920 107400 107460 107940 108000 108480 108540 109020 109080 109560 109620 110100 110160 110640 110700 111180 111240 111720 111780 112260 112320 112800 112860 113340 113400 113880 113940 114420 114480 114960 115020 115500 115560 116040 116100 116580 116640 117120 117180 117660 117720 118200 118260 118740 118800 119280 119340 119820 119880 120360 120420 120900 120960 121440 121500 121980 122040 122520 122580 123060 123120 123600 123660 124140 124200 124680 124740 125220 125280 125760 125820 126300 126360 126840 126900 127380 127440 127920 127980 128460 128520 129000 129060 129540 129600 130080 130140 130620 130680 131160 131220 131700 131760 132240 132300 132780 132840 133320 133380 133860 133920 134400 134460 134940 135000 135480 135540 136020 136080 136560 136620 137100 137160 137640 137700 138180 138240 138720 138780 139260 139320 139800 139860 140340 140400 140880 140940 141420 141480 141960 142020 142500 142560 143040 143100 143580 143640 144120 144180 144660 144720 145200 145260 145740 145800 146280 146340 146820 146880 147360 147420 147900 147960 148440 148500 148980 149040 149520 149580 150060 150120 150600 150660 151140 151200 151680 151740 152220 152280 152760 152820 153300 153360 153840 153900 154380 154440 154920 154980 155460 155520 156000 156060 156540 156600 157080 157140 157620 157680 158160 158220 158700 158760 159240 159300 159780 159840 160320 160380 160860 160920 161400 161460 161940 162000 162480 162540 163020 163080 163560 163620 164100 164160 164640 164700 165180 165240 165720 165780 166260 166320 166800 166860 167340 167400 167880 167940 168420 168480 168960 169020 169500 169560 170040 170100 170580 170640 171120 171180 171660 171720 172200 172260 172740 172800 173280 173340 173820 173880 174360 174420 174900 174960 175440 175500 175980 176040 176520 176580 177060 177120 177600 177660 178140 178200 178680 178740 179220 179280 179760 179820 180300 180360 180840 180900 181380 181440 181920 181980 182460 182520 183000 183060 183540 183600 184080 184140 184620 184680 185160 185220 185700 185760 186240 186300 186780 186840 187320 187380 187860 187920 188400 188460 188940 189000 189480 189540 190020 190080 190560 190620 191100 191160 191640 191700 192180 192240 192720 192780 193260 193320 193800 193860 194340 194400 194880 194940 195420 195480 195960 196020 196500 196560 197040 197100 197580 197640 198120 198180 198660 198720 199200 199260 199740 199800 200280 200340 200820 200880 201360 201420 201900 201960 202440 202500 202980 203040 203520 203580 204060 204120 204600 204660 205140 205200 205680 205740 206220 206280 206760 206820 207300 207360 207840 207900 208380 208440 208920 208980 209460 209520 210000 210060 210540 210600 211080 211140 211620 211680 212160 212220 212700 212760 213240 213300 213780 213840 214320 214380 214860 214920 215400 215460 215940 216000 216480 216540 217020 217080 217560 217620 218100 218160 218640 218700 219180 -1



1 0 10 1920 6 -1
9600 11520 7680 7680 11520 7680 11520 11520 9600 11520 
S0 O1 O2 O3 O4 F0
1 1 1 1 1 1 
1 1 1 1 1 1 
1 1 1 1 1 1 
1 1 1 1 1 1 
1 1 1 1 1 1 
1 1 1 1 1 1 
0
4 Mac2 45 Mac3 35 Mac4 27 Mac5 52 
3 Mac2 22 Mac4 26 Mac5 25 
4 Mac2 54 Mac3 42 Mac4 31 Mac5 46 
5 Mac1 22 Mac2 27 Mac3 46 Mac4 52 Mac5 50 
0


2 0 10 1920 6 0
9600 11520 7680 7680 11520 7680 11520 11520 9600 11520 
S0 O1 O2 O3 O4 F1
1 1 1 1 1 1 
1 1 1 1 1 1 
1 1 1 1 1 1 
1 1 1 1 1 1 
1 1 1 1 1 1 
1 1 1 1 1 1 
0
4 Mac2 50 Mac3 20 Mac4 24 Mac5 40 
3 Mac2 59 Mac4 29 Mac5 33 
4 Mac2 58 Mac3 49 Mac4 22 Mac5 45 
5 Mac1 51 Mac2 45 Mac3 37 Mac4 56 Mac5 57 
0


3 0 18 2400 7 -1
9600 14400 14400 14400 9600 12000 9600 9600 12000 14400 14400 14400 12000 14400 12000 9600 9600 12000 
S1 O1 O2 O3 O4 O5 F1
1 1 1 1 1 1 1 
1 1 1 1 1 1 1 
1 1 1 1 1 1 1 
1 1 1 1 1 1 1 
1 1 1 1 1 1 1 
1 1 1 1 1 1 1 
1 1 1 1 1 1 1 
0
4 Mac2 41 Mac3 27 Mac4 24 Mac5 53 
3 Mac2 35 Mac4 20 Mac5 33 
4 Mac2 35 Mac3 40 Mac4 48 Mac5 34 
3 Mac2 40 Mac4 25 Mac5 32 
4 Mac2 40 Mac3 59 Mac4 25 Mac5 37 
0


4 0 18 2400 7 2
9600 14400 14400 14400 9600 12000 9600 9600 12000 14400 14400 14400 12000 14400 12000 9600 9600 12000 
S1 O1 O2 O3 O4 O5 F2
1 1 1 1 1 1 1 
1 1 1 1 1 1 1 
1 1 1 1 1 1 1 
1 1 1 1 1 1 1 
1 1 1 1 1 1 1 
1 1 1 1 1 1 1 
1 1 1 1 1 1 1 
0
4 Mac2 25 Mac3 36 Mac4 55 Mac5 28 
3 Mac2 52 Mac4 43 Mac5 56 
4 Mac2 27 Mac3 25 Mac4 39 Mac5 54 
3 Mac2 35 Mac4 27 Mac5 25 
4 Mac2 30 Mac3 30 Mac4 29 Mac5 57 
0


5 0 18 1920 6 -1
7680 7680 9600 9600 7680 11520 9600 7680 11520 9600 7680 11520 9600 7680 11520 11520 7680 11520 
S2 O1 O2 O3 O4 F2
1 1 1 1 1 1 
1 1 1 1 1 1 
1 1 1 1 1 1 
1 1 1 1 1 1 
1 1 1 1 1 1 
1 1 1 1 1 1 
0
4 Mac2 58 Mac3 20 Mac4 29 Mac5 58 
4 Mac2 59 Mac3 30 Mac4 50 Mac5 55 
4 Mac2 52 Mac3 42 Mac4 37 Mac5 49 
3 Mac2 36 Mac4 26 Mac5 43 
0


6 0 18 1920 6 4
7680 7680 9600 9600 7680 11520 9600 7680 11520 9600 7680 11520 9600 7680 11520 11520 7680 11520 
S2 O1 O2 O3 O4 F3
1 1 1 1 1 1 
1 1 1 1 1 1 
1 1 1 1 1 1 
1 1 1 1 1 1 
1 1 1 1 1 1 
1 1 1 1 1 1 
0
4 Mac2 22 Mac3 32 Mac4 56 Mac5 38 
4 Mac2 40 Mac3 40 Mac4 25 Mac5 43 
4 Mac2 43 Mac3 53 Mac4 31 Mac5 49 
3 Mac2 44 Mac4 56 Mac5 31 
0


7 0 15 1440 5 -1
7200 7200 7200 5760 8640 7200 8640 7200 7200 7200 8640 5760 8640 5760 8640 
S3 O1 O2 O3 F3
1 1 1 1 1 
1 1 1 1 1 
1 1 1 1 1 
1 1 1 1 1 
1 1 1 1 1 
0
3 Mac2 30 Mac4 56 Mac5 46 
3 Mac2 47 Mac4 48 Mac5 40 
4 Mac2 34 Mac3 31 Mac4 23 Mac5 28 
0


8 0 15 1440 5 6
7200 7200 7200 5760 8640 7200 8640 7200 7200 7200 8640 5760 8640 5760 8640 
S3 O1 O2 O3 F4
1 1 1 1 1 
1 1 1 1 1 
1 1 1 1 1 
1 1 1 1 1 
1 1 1 1 1 
0
3 Mac2 30 Mac4 33 Mac5 38 
3 Mac2 32 Mac4 49 Mac5 40 
4 Mac2 28 Mac3 39 Mac4 54 Mac5 58 
0


9 0 16 720 5 -2
4320 4320 3600 3600 2880 3600 3600 4320 3600 4320 4320 3600 3600 2880 3600 3600 
S4 O1 O2 O3 F4
1 1 1 1 1 
1 1 1 1 1 
1 1 1 1 1 
1 1 1 1 1 
1 1 1 1 1 
0
4 Mac1 23 Mac2 30 Mac3 50 Mac4 35 
4 Mac1 52 Mac2 24 Mac3 26 Mac4 48 
4 Mac2 29 Mac3 58 Mac4 21 Mac5 50 
0


10 0 19 720 5 -2
3600 4320 2880 3600 4320 2880 2880 4320 4320 3600 2880 2880 3600 4320 4320 3600 3600 4320 4320 
S5 O1 O2 O3 F5
1 1 1 1 1 
1 1 1 1 1 
1 1 1 1 1 
1 1 1 1 1 
1 1 1 1 1 
0
5 Mac1 27 Mac2 44 Mac3 24 Mac4 52 Mac5 41 
4 Mac1 41 Mac2 55 Mac3 37 Mac4 49 
4 Mac2 46 Mac3 23 Mac4 55 Mac5 43 
0


11 0 19 960 6 -2
5760 3840 5760 3840 3840 4800 5760 4800 4800 5760 3840 3840 3840 4800 4800 4800 4800 3840 3840 
S6 O1 O2 O3 O4 F6
1 1 1 1 1 1 
1 1 1 1 1 1 
1 1 1 1 1 1 
1 1 1 1 1 1 
1 1 1 1 1 1 
1 1 1 1 1 1 
0
4 Mac2 43 Mac3 50 Mac4 20 Mac5 36 
4 Mac1 40 Mac2 33 Mac3 36 Mac4 44 
5 Mac1 29 Mac2 31 Mac3 37 Mac4 29 Mac5 29 
3 Mac2 32 Mac4 48 Mac5 31 
0


12 0 17 1200 7 -2
6000 4800 7200 7200 7200 7200 4800 7200 7200 6000 4800 6000 6000 6000 7200 4800 7200 
S7 O1 O2 O3 O4 O5 F7
1 1 1 1 1 1 1 
1 1 1 1 1 1 1 
1 1 1 1 1 1 1 
1 1 1 1 1 1 1 
1 1 1 1 1 1 1 
1 1 1 1 1 1 1 
1 1 1 1 1 1 1 
0
5 Mac1 34 Mac2 45 Mac3 53 Mac4 39 Mac5 39 
4 Mac2 22 Mac3 57 Mac4 20 Mac5 58 
3 Mac2 23 Mac4 25 Mac5 20 
4 Mac2 56 Mac3 34 Mac4 56 Mac5 22 
5 Mac1 55 Mac2 33 Mac3 56 Mac4 26 Mac5 44 
0


13 0 13 960 6 -2
5760 5760 5760 4800 4800 4800 3840 4800 5760 5760 3840 5760 3840 
S8 O1 O2 O3 O4 F8
1 1 1 1 1 1 
1 1 1 1 1 1 
1 1 1 1 1 1 
1 1 1 1 1 1 
1 1 1 1 1 1 
1 1 1 1 1 1 
0
4 Mac2 49 Mac3 45 Mac4 39 Mac5 39 
5 Mac1 46 Mac2 32 Mac3 49 Mac4 45 Mac5 47 
5 Mac1 37 Mac2 45 Mac3 54 Mac4 43 Mac5 21 
5 Mac1 33 Mac2 22 Mac3 53 Mac4 47 Mac5 47 
0


14 0 11 720 5 -2
3600 2880 2880 2880 3600 4320 4320 3600 3600 2880 3600 
S9 O1 O2 O3 F9
1 1 1 1 1 
1 1 1 1 1 
1 1 1 1 1 
1 1 1 1 1 
1 1 1 1 1 
0
4 Mac2 36 Mac3 47 Mac4 22 Mac5 38 
4 Mac1 42 Mac2 38 Mac3 38 Mac4 26 
4 Mac1 41 Mac2 24 Mac3 55 Mac4 34 
0


15 0 11 1200 7 -2
4800 7200 7200 6000 4800 4800 4800 4800 7200 6000 4800 
S10 O1 O2 O3 O4 O5 F10
1 1 1 1 1 1 1 
1 1 1 1 1 1 1 
1 1 1 1 1 1 1 
1 1 1 1 1 1 1 
1 1 1 1 1 1 1 
1 1 1 1 1 1 1 
1 1 1 1 1 1 1 
0
5 Mac1 29 Mac2 39 Mac3 55 Mac4 53 Mac5 22 
5 Mac1 57 Mac2 40 Mac3 35 Mac4 37 Mac5 50 
4 Mac2 34 Mac3 20 Mac4 56 Mac5 35 
4 Mac2 59 Mac3 51 Mac4 46 Mac5 31 
4 Mac2 54 Mac3 39 Mac4 59 Mac5 27 
0


16 0 12 960 6 -2
5760 4800 5760 4800 5760 5760 3840 3840 4800 5760 4800 5760 
S11 O1 O2 O3 O4 F11
1 1 1 1 1 1 
1 1 1 1 1 1 
1 1 1 1 1 1 
1 1 1 1 1 1 
1 1 1 1 1 1 
1 1 1 1 1 1 
0
4 Mac1 54 Mac2 37 Mac3 36 Mac4 38 
4 Mac1 20 Mac2 37 Mac3 25 Mac4 50 
4 Mac1 49 Mac2 33 Mac3 29 Mac4 49 
4 Mac1 28 Mac2 44 Mac3 44 Mac4 34 
0


17 0 19 1200 7 -2
6000 6000 7200 7200 7200 7200 7200 7200 4800 6000 4800 7200 7200 4800 6000 4800 6000 4800 6000 
S12 O1 O2 O3 O4 O5 F12
1 1 1 1 1 1 1 
1 1 1 1 1 1 1 
1 1 1 1 1 1 1 
1 1 1 1 1 1 1 
1 1 1 1 1 1 1 
1 1 1 1 1 1 1 
1 1 1 1 1 1 1 
0
4 Mac1 58 Mac2 35 Mac3 53 Mac4 28 
3 Mac2 53 Mac4 54 Mac5 36 
4 Mac2 47 Mac3 45 Mac4 58 Mac5 32 
4 Mac2 51 Mac3 35 Mac4 53 Mac5 32 
4 Mac2 25 Mac3 46 Mac4 26 Mac5 46 
0


18 0 15 720 5 -2
3600 3600 3600 2880 2880 3600 3600 4320 3600 3600 4320 4320 4320 2880 2880 
S13 O1 O2 O3 F13
1 1 1 1 1 
1 1 1 1 1 
1 1 1 1 1 
1 1 1 1 1 
1 1 1 1 1 
0
4 Mac2 57 Mac3 32 Mac4 23 Mac5 33 
3 Mac2 29 Mac4 29 Mac5 25 
4 Mac2 26 Mac3 26 Mac4 59 Mac5 23 
0


19 0 11 960 6 -2
5760 4800 3840 5760 4800 4800 3840 3840 5760 4800 5760 
S14 O1 O2 O3 O4 F14
1 1 1 1 1 1 
1 1 1 1 1 1 
1 1 1 1 1 1 
1 1 1 1 1 1 
1 1 1 1 1 1 
1 1 1 1 1 1 
0
4 Mac1 34 Mac2 32 Mac3 29 Mac4 43 
4 Mac2 22 Mac3 53 Mac4 55 Mac5 28 
4 Mac2 41 Mac3 33 Mac4 49 Mac5 51 
3 Mac2 43 Mac4 43 Mac5 30 
0


20 0 19 720 5 -2
3600 3600 2880 2880 2880 4320 4320 3600 2880 3600 3600 2880 3600 2880 3600 3600 4320 3600 4320 
S15 O1 O2 O3 F15
1 1 1 1 1 
1 1 1 1 1 
1 1 1 1 1 
1 1 1 1 1 
1 1 1 1 1 
0
4 Mac1 32 Mac2 37 Mac3 35 Mac4 55 
5 Mac1 22 Mac2 33 Mac3 21 Mac4 58 Mac5 42 
5 Mac1 59 Mac2 49 Mac3 22 Mac4 48 Mac5 57 
0


21 0 19 960 6 -2
5760 3840 3840 4800 4800 4800 5760 3840 5760 4800 4800 5760 4800 5760 3840 4800 3840 5760 5760 
S16 O1 O2 O3 O4 F16
1 1 1 1 1 1 
1 1 1 1 1 1 
1 1 1 1 1 1 
1 1 1 1 1 1 
1 1 1 1 1 1 
1 1 1 1 1 1 
0
4 Mac1 31 Mac2 36 Mac3 54 Mac4 54 
4 Mac2 51 Mac3 33 Mac4 38 Mac5 40 
4 Mac2 32 Mac3 46 Mac4 33 Mac5 30 
3 Mac2 27 Mac4 39 Mac5 46 
0


22 0 18 1200 7 -2
4800 6000 7200 7200 4800 6000 6000 7200 4800 4800 7200 6000 4800 4800 6000 6000 6000 4800 
S17 O1 O2 O3 O4 O5 F17
1 1 1 1 1 1 1 
1 1 1 1 1 1 1 
1 1 1 1 1 1 1 
1 1 1 1 1 1 1 
1 1 1 1 1 1 1 
1 1 1 1 1 1 1 
1 1 1 1 1 1 1 
0
4 Mac1 22 Mac2 55 Mac3 45 Mac4 55 
4 Mac1 20 Mac2 50 Mac3 54 Mac4 30 
4 Mac1 26 Mac2 50 Mac3 21 Mac4 34 
5 Mac1 30 Mac2 32 Mac3 39 Mac4 41 Mac5 43 
5 Mac1 41 Mac2 43 Mac3 33 Mac4 47 Mac5 26 
0


23 0 10 1200 7 -2
4800 4800 6000 7200 4800 7200 7200 4800 6000 7200 
S18 O1 O2 O3 O4 O5 F18
1 1 1 1 1 1 1 
1 1 1 1 1 1 1 
1 1 1 1 1 1 1 
1 1 1 1 1 1 1 
1 1 1 1 1 1 1 
1 1 1 1 1 1 1 
1 1 1 1 1 1 1 
0
4 Mac2 44 Mac3 49 Mac4 51 Mac5 31 
4 Mac1 57 Mac2 20 Mac3 53 Mac4 20 
5 Mac1 51 Mac2 37 Mac3 29 Mac4 35 Mac5 54 
4 Mac2 41 Mac3 20 Mac4 51 Mac5 40 
4 Mac2 20 Mac3 56 Mac4 34 Mac5 39 
0


24 0 19 1200 7 -2
4800 7200 7200 7200 7200 6000 4800 4800 6000 6000 7200 6000 4800 7200 7200 4800 4800 4800 6000 
S19 O1 O2 O3 O4 O5 F19
1 1 1 1 1 1 1 
1 1 1 1 1 1 1 
1 1 1 1 1 1 1 
1 1 1 1 1 1 1 
1 1 1 1 1 1 1 
1 1 1 1 1 1 1 
1 1 1 1 1 1 1 
0
4 Mac1 42 Mac2 50 Mac3 54 Mac4 51 
4 Mac1 30 Mac2 49 Mac3 46 Mac4 54 
5 Mac1 45 Mac2 58 Mac3 20 Mac4 38 Mac5 29 
3 Mac2 54 Mac4 54 Mac5 28 
3 Mac2 29 Mac4 20 Mac5 48 
0



