3 12 20 12 5

2
10

Mac1 Mac2 Mac3 
0 0 0 
1 2 3 


4 7 8 10 9 
4 2 7 12 10 
4 2 9 10 4 
4 2 9 4 2 
4 1 11 6 12 
4 7 10 10 8 
4 10 7 8 10 
4 2 1 1 7 
4 2 11 7 6 
4 8 9 11 11 
4 2 11 12 12 
4 3 11 4 5 
4 6 9 9 4 
4 5 11 5 9 
4 4 5 5 6 
4 5 7 5 1 
4 3 8 8 12 
4 12 3 4 12 
4 3 1 6 1 
4 8 1 3 4 

100 200 1000000 -1
100 200 1000000 -1
100 200 1000000 -1


1 0 17 2560 6 -1
12800 15360 10240 10240 15360 15360 12800 12800 12800 15360 15360 15360 12800 10240 15360 10240 10240 
S0 O1 O2 O3 O4 F0
0 1 0 0 0 0 
0 0 1 0 0 0 
0 0 0 1 0 0 
0 0 0 0 1 0 
0 0 0 0 0 1 
0 0 0 0 0 0 
0
2 Mac1 38 Mac2 68 
3 Mac1 63 Mac2 33 Mac3 49 
3 Mac1 49 Mac2 50 Mac3 32 
2 Mac1 48 Mac2 67 
0


2 0 17 2560 6 0
12800 15360 10240 10240 15360 15360 12800 12800 12800 15360 15360 15360 12800 10240 15360 10240 10240 
S0 O1 O2 O3 O4 F1
0 1 0 0 0 0 
0 0 1 0 0 0 
0 0 0 1 0 0 
0 0 0 0 1 0 
0 0 0 0 0 1 
0 0 0 0 0 0 
0
2 Mac1 53 Mac2 45 
3 Mac1 59 Mac2 75 Mac3 63 
3 Mac1 77 Mac2 54 Mac3 50 
2 Mac1 64 Mac2 70 
0


3 0 16 1920 5 -1
7680 11520 7680 11520 9600 11520 7680 9600 7680 7680 7680 7680 9600 7680 11520 9600 
S1 O1 O2 O3 F1
0 1 0 0 0 
0 0 1 0 0 
0 0 0 1 0 
0 0 0 0 1 
0 0 0 0 0 
0
2 Mac1 72 Mac2 47 
2 Mac1 30 Mac2 37 
3 Mac1 49 Mac2 64 Mac3 25 
0


4 0 16 1920 5 2
7680 11520 7680 11520 9600 11520 7680 9600 7680 7680 7680 7680 9600 7680 11520 9600 
S1 O1 O2 O3 F2
0 1 0 0 0 
0 0 1 0 0 
0 0 0 1 0 
0 0 0 0 1 
0 0 0 0 0 
0
2 Mac1 31 Mac2 26 
2 Mac1 29 Mac2 65 
3 Mac1 59 Mac2 51 Mac3 35 
0


5 0 18 1280 6 -2
5120 5120 6400 5120 5120 5120 5120 7680 7680 7680 5120 7680 6400 5120 6400 5120 5120 7680 
S2 O1 O2 O3 O4 F2
0 1 0 0 0 0 
0 0 1 0 0 0 
0 0 0 1 0 0 
0 0 0 0 1 0 
0 0 0 0 0 1 
0 0 0 0 0 0 
0
2 Mac1 27 Mac2 58 
3 Mac1 27 Mac2 36 Mac3 35 
3 Mac1 26 Mac2 47 Mac3 69 
3 Mac1 35 Mac2 72 Mac3 49 
0


6 0 14 960 5 -2
3840 3840 5760 3840 5760 3840 5760 5760 5760 5760 4800 5760 5760 5760 
S3 O1 O2 O3 F3
0 1 0 0 0 
0 0 1 0 0 
0 0 0 1 0 
0 0 0 0 1 
0 0 0 0 0 
0
3 Mac1 35 Mac2 65 Mac3 51 
2 Mac1 64 Mac2 57 
2 Mac1 58 Mac2 32 
0


7 0 11 960 5 -2
4800 3840 3840 5760 3840 5760 3840 3840 4800 4800 5760 
S4 O1 O2 O3 F4
0 1 0 0 0 
0 0 1 0 0 
0 0 0 1 0 
0 0 0 0 1 
0 0 0 0 0 
0
2 Mac1 68 Mac2 57 
2 Mac1 68 Mac2 66 
3 Mac1 42 Mac2 71 Mac3 58 
0


8 0 19 1600 7 -2
8000 8000 6400 6400 6400 8000 9600 9600 8000 6400 6400 6400 9600 6400 9600 6400 9600 6400 8000 
S5 O1 O2 O3 O4 O5 F5
0 1 0 0 0 0 0 
0 0 1 0 0 0 0 
0 0 0 1 0 0 0 
0 0 0 0 1 0 0 
0 0 0 0 0 1 0 
0 0 0 0 0 0 1 
0 0 0 0 0 0 0 
0
3 Mac1 47 Mac2 43 Mac3 62 
3 Mac1 49 Mac2 59 Mac3 51 
3 Mac1 31 Mac2 46 Mac3 36 
3 Mac1 69 Mac2 74 Mac3 69 
2 Mac1 56 Mac2 50 
0


9 0 10 1600 7 -2
6400 8000 9600 9600 8000 9600 9600 8000 6400 8000 
S6 O1 O2 O3 O4 O5 F6
0 1 0 0 0 0 0 
0 0 1 0 0 0 0 
0 0 0 1 0 0 0 
0 0 0 0 1 0 0 
0 0 0 0 0 1 0 
0 0 0 0 0 0 1 
0 0 0 0 0 0 0 
0
3 Mac1 25 Mac2 71 Mac3 67 
3 Mac1 37 Mac2 28 Mac3 64 
3 Mac1 39 Mac2 71 Mac3 28 
3 Mac1 64 Mac2 32 Mac3 70 
3 Mac1 62 Mac2 78 Mac3 74 
0


10 0 15 960 5 -2
3840 5760 3840 5760 3840 5760 5760 5760 5760 3840 4800 4800 5760 5760 4800 
S7 O1 O2 O3 F7
0 1 0 0 0 
0 0 1 0 0 
0 0 0 1 0 
0 0 0 0 1 
0 0 0 0 0 
0
3 Mac1 63 Mac2 37 Mac3 40 
3 Mac1 28 Mac2 64 Mac3 55 
3 Mac1 54 Mac2 44 Mac3 47 
0


11 0 18 960 5 -2
4800 4800 5760 4800 5760 3840 4800 5760 4800 3840 3840 5760 5760 4800 5760 5760 3840 5760 
S8 O1 O2 O3 F8
0 1 0 0 0 
0 0 1 0 0 
0 0 0 1 0 
0 0 0 0 1 
0 0 0 0 0 
0
3 Mac1 36 Mac2 30 Mac3 67 
3 Mac1 75 Mac2 26 Mac3 52 
3 Mac1 59 Mac2 70 Mac3 62 
0


12 0 13 1600 7 -2
6400 9600 9600 8000 6400 8000 9600 6400 6400 9600 9600 6400 6400 
S9 O1 O2 O3 O4 O5 F9
0 1 0 0 0 0 0 
0 0 1 0 0 0 0 
0 0 0 1 0 0 0 
0 0 0 0 1 0 0 
0 0 0 0 0 1 0 
0 0 0 0 0 0 1 
0 0 0 0 0 0 0 
0
2 Mac1 31 Mac2 67 
2 Mac1 79 Mac2 68 
3 Mac1 47 Mac2 37 Mac3 32 
2 Mac1 72 Mac2 62 
3 Mac1 68 Mac2 40 Mac3 27 
0



